store,category,brand,model_name,variant,ram,storage,price,price_text,price_type,currency,product_url,source_url,image_url,in_stock,scraped_at
Mobilemandu,Mobiles,Nord,Nord 6 (8/256gb),,8GB,256GB,89999.0,रु. 89999.00,exact,NPR,https://mobilemandu.com/products/nord-6-8256gb,https://mobilemandu.com/categories/mobile-phones,https://admin.mobilemandu.com/storage/11063/images-%281%29.jpg,True,2026-07-15T15:17:53.584522+00:00
Mobilemandu,Mobiles,Xiaomi,POCO M8 Pro (8+256GB),,8GB,256GB,56999.0,रु. 56999.00,exact,NPR,https://mobilemandu.com/products/poco-m8-pro-8256gb,https://mobilemandu.com/categories/mobile-phones,https://admin.mobilemandu.com/storage/11057/WhatsApp-Image-2026-07-03-at-1.00.29-PM.jpeg,True,2026-07-15T15:17:53.585337+00:00
Mobilemandu,Mobiles,Xiaomi,POCO M8s (6+128GB),,6GB,128GB,37999.0,रु. 37999.00,exact,NPR,https://mobilemandu.com/products/poco-m8s-6128gb,https://mobilemandu.com/categories/mobile-phones,https://admin.mobilemandu.com/storage/11056/WhatsApp-Image-2026-07-03-at-12.45.04-PM.jpeg,True,2026-07-15T15:17:53.585580+00:00
Mobilemandu,Mobiles,Vivo,Vivo Y500 (8+128GB),,8GB,128GB,54999.0,रु. 54999.00,exact,NPR,https://mobilemandu.com/products/vivo-y500-8128gb,https://mobilemandu.com/categories/mobile-phones,https://admin.mobilemandu.com/storage/11054/WhatsApp-Image-2026-07-03-at-12.33.18-PM.jpeg,True,2026-07-15T15:17:53.585786+00:00
Mobilemandu,Mobiles,Xiaomi,Poco X8 Pro Max (12+256GB),,12GB,256GB,79999.0,रु. 79999.00,exact,NPR,https://mobilemandu.com/products/poco-x8-pro-max-12256gb,https://mobilemandu.com/categories/mobile-phones,https://admin.mobilemandu.com/storage/11001/WhatsApp-Image-2026-06-21-at-2.51.01-PM.jpeg,True,2026-07-15T15:17:53.586032+00:00
Mobilemandu,Mobiles,Xiaomi,Poco X8 Pro (8+256GB),,8GB,256GB,63999.0,रु. 63999.00,exact,NPR,https://mobilemandu.com/products/poco-x8-pro-8256gb,https://mobilemandu.com/categories/mobile-phones,https://admin.mobilemandu.com/storage/10999/WhatsApp-Image-2026-06-21-at-1.47.49-PM.jpeg,True,2026-07-15T15:17:53.586240+00:00
Mobilemandu,Mobiles,Xiaomi,Poco F8 Pro (12+512GB),,12GB,512GB,99999.0,रु. 99999.00,exact,NPR,https://mobilemandu.com/products/poco-f8-pro-12512gb,https://mobilemandu.com/categories/mobile-phones,https://admin.mobilemandu.com/storage/10997/WhatsApp-Image-2026-06-21-at-1.18.53-PM.jpeg,True,2026-07-15T15:17:53.586448+00:00
Mobilemandu,Mobiles,Xiaomi,Poco X7 Pro (12+512 GB),,12GB,512GB,59999.0,रु. 59999.00,exact,NPR,https://mobilemandu.com/products/poco-x7-pro-12512-gb,https://mobilemandu.com/categories/mobile-phones,https://admin.mobilemandu.com/storage/10996/WhatsApp-Image-2026-06-21-at-12.39.31-PM.jpeg,True,2026-07-15T15:17:53.586679+00:00
Mobilemandu,Mobiles,Infinix,Infinix Hot 70 6/128GB,,6GB,128GB,31999.0,रु. 31999.00,exact,NPR,https://mobilemandu.com/products/infinix-hot-70-6128gb,https://mobilemandu.com/categories/mobile-phones,https://admin.mobilemandu.com/storage/10978/Infinix-Hot-70-X6895-4GB256GB-Night-Pulse-1.jpg,True,2026-07-15T15:17:53.587163+00:00
Mobilemandu,Mobiles,Infinix,Infinix Smart 20 (4/64GB),,4GB,64GB,19999.0,रु. 19999.00,exact,NPR,https://mobilemandu.com/products/infinix-smart-20-464gb-1,https://mobilemandu.com/categories/mobile-phones,https://admin.mobilemandu.com/storage/10977/WhatsApp-Image-2026-06-10-at-11.54.12-AM.jpeg,True,2026-07-15T15:17:53.587365+00:00
Mobilemandu,Mobiles,Infinix,Infinix Hot 70 8/128GB,,8GB,128GB,34999.0,रु. 34999.00,exact,NPR,https://mobilemandu.com/products/infinix-hot-70-8128gb,https://mobilemandu.com/categories/mobile-phones,https://admin.mobilemandu.com/storage/10972/cmpgnex1u00010ajfculu54hy.jpg,True,2026-07-15T15:17:53.587598+00:00
Mobilemandu,Mobiles,Xiaomi,Xiaomi 17T (12/512GB),,12GB,512GB,89999.0,रु. 89999.00,exact,NPR,https://mobilemandu.com/products/xiaomi-17t-12512gb,https://mobilemandu.com/categories/mobile-phones,https://admin.mobilemandu.com/storage/10693/xiaomi-17t-.jpg,True,2026-07-15T15:17:53.587842+00:00
Mobilemandu,Mobiles,Honor,HONOR 600 Pro 5G (12/256GB),,12GB,256GB,129999.0,रु. 129999.00,exact,NPR,https://mobilemandu.com/products/honor-600-5g-pro-12256gb,https://mobilemandu.com/categories/mobile-phones,https://admin.mobilemandu.com/storage/10681/s-l1600.webp,True,2026-07-15T15:17:53.588087+00:00
Mobilemandu,Mobiles,Honor,HONOR 600 5G (8/256GB),,8GB,256GB,84999.0,रु. 84999.00,exact,NPR,https://mobilemandu.com/products/honor-600-5g-8256gb,https://mobilemandu.com/categories/mobile-phones,https://admin.mobilemandu.com/storage/10670/s-l960.webp,True,2026-07-15T15:17:53.588320+00:00
Mobilemandu,Mobiles,Honor,HONOR 600 5G (12/256GB),,12GB,256GB,89999.0,रु. 89999.00,exact,NPR,https://mobilemandu.com/products/honor-600-5g-12256gb,https://mobilemandu.com/categories/mobile-phones,https://admin.mobilemandu.com/storage/10660/s-l960.webp,True,2026-07-15T15:17:53.588647+00:00
Mobilemandu,Mobiles,Nothing,Nothing Phone 4a Pro (12+256 GB),,12GB,256GB,93999.0,रु. 93999.00,exact,NPR,https://mobilemandu.com/products/nothing-phone-4a-pro-12256-gb,https://mobilemandu.com/categories/mobile-phones,https://admin.mobilemandu.com/storage/10653/WhatsApp-Image-2026-05-28-at-5.53.07-PM.jpeg,False,2026-07-15T15:17:53.588903+00:00
Mobilemandu,Mobiles,Vivo,Vivo Y21 6GB + 128GB,,6GB,128GB,40999.0,रु. 40999.00,exact,NPR,https://mobilemandu.com/products/vivo-y21-6gb-128gb,https://mobilemandu.com/categories/mobile-phones,https://admin.mobilemandu.com/storage/10611/322048_0_fNpUIh-ln.webp,True,2026-07-15T15:17:53.589173+00:00
Mobilemandu,Mobiles,Honor,Honor X5c 4/64GB,,4GB,64GB,20499.0,रु. 20499.00,exact,NPR,https://mobilemandu.com/products/honor-x5c-464gb,https://mobilemandu.com/categories/mobile-phones,https://admin.mobilemandu.com/storage/10511/WhatsApp-Image-2026-05-12-at-4.21.34-PM.webp,True,2026-07-15T15:17:53.589397+00:00
Mobilemandu,Mobiles,Ai+,Ai+ Pulse (4/64GB),,4GB,64GB,14999.0,रु. 14999.00,exact,NPR,https://mobilemandu.com/products/ai-pulse-464gb,https://mobilemandu.com/categories/mobile-phones,https://admin.mobilemandu.com/storage/8194/-original-imahhc4czn6fswwz.webp,True,2026-07-15T15:17:53.589662+00:00
Mobilemandu,Mobiles,Infinix,Infinix Hot 60 Pro (8+128GB),,8GB,128GB,24999.0,रु. 24999.00,exact,NPR,https://mobilemandu.com/products/infinix-hot-60-pro-8128gb,https://mobilemandu.com/categories/mobile-phones,https://admin.mobilemandu.com/storage/7761/WhatsApp-Image-2025-09-18-at-12.55.17_d6fe5f1d.webp,False,2026-07-15T15:17:53.589904+00:00
Mobilemandu,Mobiles,Ai+,Ai+ Nova 5G (6/128GB),,6GB,128GB,18499.0,रु. 18499.00,exact,NPR,https://mobilemandu.com/products/ai-nova-5g-6128gb,https://mobilemandu.com/categories/mobile-phones,https://admin.mobilemandu.com/storage/7869/b579ba96-f43d-4b07-9657-8a96299204c8.webp,False,2026-07-15T15:17:53.590507+00:00
Mobilemandu,Mobiles,Moto,Moto G35 5G (8+128GB),,8GB,128GB,30699.0,रु. 30699.00,exact,NPR,https://mobilemandu.com/products/moto-g35-5g-8gb-ram-128gb-storage,https://mobilemandu.com/categories/mobile-phones,https://admin.mobilemandu.com/storage/10561/WhatsApp-Image-2026-05-19-at-5.59.07-PM.webp,False,2026-07-15T15:17:53.590776+00:00
Mobilemandu,Mobiles,Infinix,Infinix Hot 60 Pro plus (8+128GB),,8GB,128GB,29999.0,रु. 29999.00,exact,NPR,https://mobilemandu.com/products/infinix-hot-60-pro-plus-8gb-ram-128gb-storage,https://mobilemandu.com/categories/mobile-phones,https://admin.mobilemandu.com/storage/7762/WhatsApp-Image-2025-09-18-at-13.07.08_5e596f74.webp,True,2026-07-15T15:17:53.591316+00:00
Mobilemandu,Mobiles,Galaxy,Galaxy A17 5G (8+128GB),,8GB,128GB,36999.0,रु. 36999.00,exact,NPR,https://mobilemandu.com/products/galaxy-a17-5g-8gb-ram-128gb-storage,https://mobilemandu.com/categories/mobile-phones,https://admin.mobilemandu.com/storage/7752/WhatsApp-Image-2025-09-15-at-14.10.46_ef042ec4.webp,True,2026-07-15T15:17:53.591708+00:00
Mobilemandu,Mobiles,Xiaomi,Redmi Note 13 (6 + 128 GB) || Mobile Phones,,6GB,128GB,24999.0,रु. 24999.00,exact,NPR,https://mobilemandu.com/products/redmi-note-13-6gb-ram-128-gb-storage,https://mobilemandu.com/categories/mobile-phones,https://admin.mobilemandu.com/storage/6319/Xiaomi-Redmi-Note-13-4G-Price-in-Nepal.webp,False,2026-07-15T15:17:53.592405+00:00
Mobilemandu,Mobiles,Xiaomi,Redmi A5 (4+128GB),,4GB,128GB,16999.0,रु. 16999.00,exact,NPR,https://mobilemandu.com/products/redmi-a5-4gb-ram-128gb-storage,https://mobilemandu.com/categories/mobile-phones,https://admin.mobilemandu.com/storage/7508/WhatsApp-Image-2025-08-14-at-17.18.38_1ccd33ae.webp,False,2026-07-15T15:17:53.592929+00:00
Mobilemandu,Mobiles,Honor,Honor Magic8 Pro 12/512GB,,12GB,512GB,199999.0,रु. 199999.00,exact,NPR,https://mobilemandu.com/products/honor-magic8-pro-12-512-gb,https://mobilemandu.com/categories/mobile-phones?page=2,https://admin.mobilemandu.com/storage/10498/202511270830286309.webp,True,2026-07-15T15:18:08.683461+00:00
Mobilemandu,Mobiles,Moto,Moto G57 Power (8GB + 128GB),,8GB,128GB,37499.0,रु. 37499.00,exact,NPR,https://mobilemandu.com/products/moto-g57-power,https://mobilemandu.com/categories/mobile-phones?page=2,https://admin.mobilemandu.com/storage/10491/moto-g57-power-pdp-ecom-render-06-corsair-dvwvwy0e.webp,True,2026-07-15T15:18:08.683856+00:00
Mobilemandu,Mobiles,Moto,Moto G06 Power (4GB + 64GB),,4GB,64GB,18999.0,रु. 18999.00,exact,NPR,https://mobilemandu.com/products/moto-g06-power,https://mobilemandu.com/categories/mobile-phones?page=2,https://admin.mobilemandu.com/storage/10488/images.webp,True,2026-07-15T15:18:08.684054+00:00
Mobilemandu,Mobiles,Vivo,Vivo Y11D 6GB + 128GB,,6GB,128GB,33999.0,रु. 33999.00,exact,NPR,https://mobilemandu.com/products/vivo-y11d,https://mobilemandu.com/categories/mobile-phones?page=2,https://admin.mobilemandu.com/storage/10612/WhatsApp-Image-2026-05-22-at-11.11.11-AM-%281%29.webp,True,2026-07-15T15:18:08.684709+00:00
Mobilemandu,Mobiles,Vivo,Vivo Y05 (4GB + 64GB / 128GB),,4GB,64GB,21999.0,रु. 21999.00,exact,NPR,https://mobilemandu.com/products/vivo-y05-4gb-64gb-128gb,https://mobilemandu.com/categories/mobile-phones?page=2,https://admin.mobilemandu.com/storage/10443/images.webp,True,2026-07-15T15:18:08.685106+00:00
Mobilemandu,Mobiles,OnePlus,OnePlus Nord CE3 5G (12GB + 256GB),,12GB,256GB,38499.0,रु. 38499.00,exact,NPR,https://mobilemandu.com/products/oneplus-nord-ce3-5g-12gb-256gb,https://mobilemandu.com/categories/mobile-phones?page=2,https://admin.mobilemandu.com/storage/10305/download.webp,False,2026-07-15T15:18:08.685546+00:00
Mobilemandu,Mobiles,OnePlus,OnePlus 15R 5G (12GB + 256/512GB),,256GB,512GB,98499.0,रु. 98499.00,exact,NPR,https://mobilemandu.com/products/oneplus-15r-5g-12gb-512gb,https://mobilemandu.com/categories/mobile-phones?page=2,https://admin.mobilemandu.com/storage/10303/OnePlus-15r-mint-breeze.webp,True,2026-07-15T15:18:08.685738+00:00
Mobilemandu,Mobiles,OnePlus,OnePlus 15 5G (16GB + 512GB),,16GB,512GB,169999.0,रु. 169999.00,exact,NPR,https://mobilemandu.com/products/oneplus-15-5g-16gb-512gb,https://mobilemandu.com/categories/mobile-phones?page=2,https://admin.mobilemandu.com/storage/10300/OnePlus-15--Ultra-Violet.webp,True,2026-07-15T15:18:08.685922+00:00
Mobilemandu,Mobiles,Vivo,Vivo V70 12/512GB,,12GB,512GB,122999.0,रु. 122999.00,exact,NPR,https://mobilemandu.com/products/vivo-v70,https://mobilemandu.com/categories/mobile-phones?page=2,https://admin.mobilemandu.com/storage/10270/vivo-v70-brown.webp,True,2026-07-15T15:18:08.686143+00:00
Mobilemandu,Mobiles,Honor,HONOR Play 10 (3/64GB),,3GB,64GB,17499.0,रु. 17499.00,exact,NPR,https://mobilemandu.com/products/honor-play-10,https://mobilemandu.com/categories/mobile-phones?page=2,https://admin.mobilemandu.com/storage/10227/download.webp,True,2026-07-15T15:18:08.686394+00:00
Mobilemandu,Mobiles,Honor,HONOR X5c Plus 4/128GB,,4GB,128GB,22499.0,रु. 22499.00,exact,NPR,https://mobilemandu.com/products/honor-x5c-plus,https://mobilemandu.com/categories/mobile-phones?page=2,https://admin.mobilemandu.com/storage/10501/Honor-X5c-Plus-Ocean_Cyan.webp,True,2026-07-15T15:18:08.686588+00:00
Mobilemandu,Mobiles,Samsung,Samsung Galaxy A37 5G (8+128GB),,8GB,128GB,64999.0,रु. 64999.00,exact,NPR,https://mobilemandu.com/products/samsung-galaxy-a37-5g,https://mobilemandu.com/categories/mobile-phones?page=2,https://admin.mobilemandu.com/storage/10173/download.webp,True,2026-07-15T15:18:08.687123+00:00
Mobilemandu,Mobiles,Realme,Realme 12 Pro+ 5G (12+256GB),,12GB,256GB,50999.0,रु. 50999.00,exact,NPR,https://mobilemandu.com/products/realme-12-pro-5g-12256gb,https://mobilemandu.com/categories/mobile-phones?page=3,https://admin.mobilemandu.com/storage/10043/Realme-12-Pro-Navigator-Beige.webp,False,2026-07-15T15:18:17.523009+00:00
Mobilemandu,Mobiles,Oppo,Oppo Reno15 (12+512 GB) || Mobile Phones,,12GB,512GB,89999.0,रु. 89999.00,exact,NPR,https://mobilemandu.com/products/oppo-reno15-12512-gb-mobile-phones,https://mobilemandu.com/categories/mobile-phones?page=3,https://admin.mobilemandu.com/storage/9945/ai_edited_9939_1773994867.webp,False,2026-07-15T15:18:17.524445+00:00
Mobilemandu,Mobiles,Nothing,Nothing Phone 4a (8+128 GB),,8GB,128GB,64999.0,रु. 64999.00,exact,NPR,https://mobilemandu.com/products/nothing-phone-4a,https://mobilemandu.com/categories/mobile-phones?page=3,https://admin.mobilemandu.com/storage/9816/nothing-phone-%284a%29-pink.webp,True,2026-07-15T15:18:17.524649+00:00
Mobilemandu,Mobiles,Vivo,Vivo Y04 (4+128 GB) || Mobile Phones,,4GB,128GB,14999.0,रु. 14999.00,exact,NPR,https://mobilemandu.com/products/vivo-y04-4128-gb-mobile-phones,https://mobilemandu.com/categories/mobile-phones?page=3,https://admin.mobilemandu.com/storage/9568/s-l1200-Photoroom.webp,False,2026-07-15T15:18:17.525698+00:00
Mobilemandu,Mobiles,Xiaomi,Redmi Note 15 5G (12/512GB),,12GB,512GB,49999.0,रु. 49999.00,exact,NPR,https://mobilemandu.com/products/redmi-note-15-5g-12512,https://mobilemandu.com/categories/mobile-phones?page=4,https://admin.mobilemandu.com/storage/9521/462e7dc1130b0653c346913b8d337501.webp,False,2026-07-15T15:18:24.313875+00:00
Mobilemandu,Mobiles,Motorola,Motorola G96 5G (8+256GB),,8GB,256GB,44999.0,रु. 44999.00,exact,NPR,https://mobilemandu.com/products/motorola-g96-5g-8gb-ram-256gb-storage,https://mobilemandu.com/categories/mobile-phones?page=4,https://admin.mobilemandu.com/storage/8314/Motorola-G96-5g-Green-pastures.webp,True,2026-07-15T15:18:24.315888+00:00
Mobilemandu,Mobiles,Honor,Honor 400 (12+512GB),,12GB,512GB,67999.0,रु. 67999.00,exact,NPR,https://mobilemandu.com/products/honor-400-12gb-ram-512gb-storage,https://mobilemandu.com/categories/mobile-phones?page=4,https://admin.mobilemandu.com/storage/8265/Honor-400-Meteor-Silver.webp,False,2026-07-15T15:18:24.316246+00:00
Mobilemandu,Mobiles,Honor,Honor Magic V5 (16/512GB),,16GB,512GB,267000.0,रु. 267000.00,exact,NPR,https://mobilemandu.com/products/honor-magic-v5-16gb-ram-512gb-storage,https://mobilemandu.com/categories/mobile-phones?page=4,https://admin.mobilemandu.com/storage/8260/Honor-Magic-V5-Black.webp,True,2026-07-15T15:18:24.316711+00:00
Mobilemandu,Mobiles,Xiaomi,Redmi 14C (4/128GB),,4GB,128GB,13999.0,रु. 13999.00,exact,NPR,https://mobilemandu.com/products/redmi-14c-4gb-ram-128gb-storage,https://mobilemandu.com/categories/mobile-phones?page=6,https://admin.mobilemandu.com/storage/7857/WhatsApp-Image-2025-10-15-at-14.18.33_fe5dfe50.webp,False,2026-07-15T15:18:37.228836+00:00
Mobilemandu,Mobiles,Apple,Apple iPhone 16e 8/128GB,,8GB,128GB,105999.0,रु. 105999.00,exact,NPR,https://mobilemandu.com/products/apple-iphone-16e-8gb-ram-128gb-storage,https://mobilemandu.com/categories/mobile-phones?page=6,https://admin.mobilemandu.com/storage/7783/2bdb6577-51f4-4af8-b323-9e8e925e0000.webp,False,2026-07-15T15:18:37.230667+00:00
Mobilemandu,Mobiles,Honor,Honor X5b Plus (4GB+128GB),,4GB,128GB,14499.0,रु. 14499.00,exact,NPR,https://mobilemandu.com/products/honor-x5b-plus-4gb128gb,https://mobilemandu.com/categories/mobile-phones?page=7,https://admin.mobilemandu.com/storage/7505/WhatsApp-Image-2025-08-13-at-15.52.58_19ab46dd.webp,False,2026-07-15T15:18:43.513245+00:00
Mobilemandu,Mobiles,Honor,Honor x5b (4gb+64GB),,4GB,64GB,12999.0,रु. 12999.00,exact,NPR,https://mobilemandu.com/products/honor-x5b-4gb-64gb-storage,https://mobilemandu.com/categories/mobile-phones?page=7,https://admin.mobilemandu.com/storage/7504/WhatsApp-Image-2025-08-13-at-13.56.44_1370eacb.webp,False,2026-07-15T15:18:43.513450+00:00
Mobilemandu,Mobiles,Honor,Honor X8c (8GB+512GB) with 108MP camera and 120Hz AMOLED display,,8GB,512GB,33999.0,रु. 33999.00,exact,NPR,https://mobilemandu.com/products/honor-x8c-8gb-ram-512gb-storage,https://mobilemandu.com/categories/mobile-phones?page=7,https://admin.mobilemandu.com/storage/7502/WhatsApp-Image-2025-08-13-at-13.26.38_eef3ee7e.webp,False,2026-07-15T15:18:43.513652+00:00
Mobilemandu,Mobiles,Honor,Honor X9c Smart (12GB+256GB),,12GB,256GB,49000.0,रु. 49000.00,exact,NPR,https://mobilemandu.com/products/honor-x9c-smart-5g-12gb-ram-256gb-storage,https://mobilemandu.com/categories/mobile-phones?page=7,https://admin.mobilemandu.com/storage/7501/WhatsApp-Image-2025-08-13-at-13.17.04_d94ff2be.webp,False,2026-07-15T15:18:43.513863+00:00
Mobilemandu,Mobiles,Realme,Realme 14T (8GB+256GB),,8GB,256GB,36999.0,रु. 36999.00,exact,NPR,https://mobilemandu.com/products/realme-14t-8gb-ram-256gb-storage,https://mobilemandu.com/categories/mobile-phones?page=7,https://admin.mobilemandu.com/storage/7500/WhatsApp-Image-2025-08-13-at-12.38.06_218af1c6.webp,False,2026-07-15T15:18:43.514098+00:00
Mobilemandu,Mobiles,Realme,Realme 12 Pro 5G (12+256GB),,12GB,256GB,50999.0,रु. 50999.00,exact,NPR,https://mobilemandu.com/products/realme-12-pro-5g-12gb-ram-256gb-storage,https://mobilemandu.com/categories/mobile-phones?page=7,https://admin.mobilemandu.com/storage/7499/WhatsApp-Image-2025-08-12-at-16.23.16_a721bd35.webp,False,2026-07-15T15:18:43.514315+00:00
Mobilemandu,Mobiles,Realme,Realme C75 (8+256GB),,8GB,256GB,26999.0,रु. 26999.00,exact,NPR,https://mobilemandu.com/products/realme-c75-8gb-ram-256gb-storage,https://mobilemandu.com/categories/mobile-phones?page=7,https://admin.mobilemandu.com/storage/7498/WhatsApp-Image-2025-08-12-at-16.02.45_d1248caf.webp,False,2026-07-15T15:18:43.514510+00:00
Mobilemandu,Mobiles,Realme,Realme C61 (4+64GB),,4GB,64GB,13499.0,रु. 13499.00,exact,NPR,https://mobilemandu.com/products/realme-c61-4gb-ram-64gb-ram,https://mobilemandu.com/categories/mobile-phones?page=7,https://admin.mobilemandu.com/storage/7497/WhatsApp-Image-2025-08-12-at-15.44.23_6910f61d.webp,False,2026-07-15T15:18:43.514702+00:00
Mobilemandu,Mobiles,Realme,Realme Note 60x (4/64GB),,4GB,64GB,13999.0,रु. 13999.00,exact,NPR,https://mobilemandu.com/products/realme-note-60x-4gb-ram-64gb-storage,https://mobilemandu.com/categories/mobile-phones?page=7,https://admin.mobilemandu.com/storage/7496/WhatsApp-Image-2025-08-12-at-15.36.30_44f67da7.webp,False,2026-07-15T15:18:43.514906+00:00
Mobilemandu,Mobiles,Honer,"Honer 400 pro 5G (12/512GB) SD 8 Gen 3, 6000mAh battery, and 200MP Triple Camera",,12GB,512GB,88480.0,रु. 88480.00,exact,NPR,https://mobilemandu.com/products/honer-400-pro-5g-12gb-ram-512gb-storage,https://mobilemandu.com/categories/mobile-phones?page=7,https://admin.mobilemandu.com/storage/7482/WhatsApp-Image-2025-08-12-at-12.03.07_933cf70b.webp,True,2026-07-15T15:18:43.515850+00:00
Mobilemandu,Mobiles,Honor,"Honor X6c (6/256GB) with a 120Hz display, Helio G81 Ultra",,6GB,256GB,25499.0,रु. 25499.00,exact,NPR,https://mobilemandu.com/products/honor-x6c-6gb-ram-256gb-storage,https://mobilemandu.com/categories/mobile-phones?page=7,https://admin.mobilemandu.com/storage/7480/WhatsApp-Image-2025-08-11-at-13.23.29_03f4a1f6.webp,True,2026-07-15T15:18:43.516049+00:00
Mobilemandu,Mobiles,Honor,"Honor X6c (6/128GB) with a 120Hz display, Helio G81 Ultra",,6GB,128GB,23499.0,रु. 23499.00,exact,NPR,https://mobilemandu.com/products/honor-x6c-6gb-ram-128gb-storage,https://mobilemandu.com/categories/mobile-phones?page=7,https://admin.mobilemandu.com/storage/7478/WhatsApp-Image-2025-08-11-at-13.23.50_9e200689.webp,True,2026-07-15T15:18:43.516300+00:00
Mobilemandu,Mobiles,OnePlus,Oneplus Nord 5(12GB+512GB),,12GB,512GB,79999.0,रु. 79999.00,exact,NPR,https://mobilemandu.com/products/oneplus-nord-5-12gb-ram-512gb-storage,https://mobilemandu.com/categories/mobile-phones?page=7,https://admin.mobilemandu.com/storage/7469/WhatsApp-Image-2025-08-10-at-12.21.34_3308b121.webp,True,2026-07-15T15:18:43.516501+00:00
Mobilemandu,Mobiles,OnePlus,Oneplus Nord CE5 (8GB+256GB),,8GB,256GB,53999.0,रु. 53999.00,exact,NPR,https://mobilemandu.com/products/oneplus-nord-ce5-8gb-ram-256gb-storage,https://mobilemandu.com/categories/mobile-phones?page=7,https://admin.mobilemandu.com/storage/7466/WhatsApp-Image-2025-08-10-at-11.54.39_ecf0e089.webp,True,2026-07-15T15:18:43.516904+00:00
Mobilemandu,Mobiles,ZTE,ZTE nubia V70 Design (8+128GB),,8GB,128GB,16999.0,रु. 16999.00,exact,NPR,https://mobilemandu.com/products/zte-nubia-v70-design-8gb-ram-128gb-storage,https://mobilemandu.com/categories/mobile-phones?page=8,https://admin.mobilemandu.com/storage/6843/OIP.webp,False,2026-07-15T15:18:52.951403+00:00
Mobilemandu,Mobiles,ZTE,ZTE nubia V70 Max (6+128GB),,6GB,128GB,15999.0,रु. 15999.00,exact,NPR,https://mobilemandu.com/products/zte-nubia-v70-max-6gb-ram-128gb-storage,https://mobilemandu.com/categories/mobile-phones?page=8,https://admin.mobilemandu.com/storage/6844/th.webp,False,2026-07-15T15:18:52.951586+00:00
Mobilemandu,Mobiles,ZTE,ZTE A75 (4+256GB),,4GB,256GB,13999.0,रु. 13999.00,exact,NPR,https://mobilemandu.com/products/zte-a75-4gb-ram-256gb-storage,https://mobilemandu.com/categories/mobile-phones?page=8,https://admin.mobilemandu.com/storage/6845/OIP.webp,False,2026-07-15T15:18:52.951799+00:00
Mobilemandu,Mobiles,ZTE,ZTE A55 (4+64GB),,4GB,64GB,11999.0,रु. 11999.00,exact,NPR,https://mobilemandu.com/products/zte-a55-4gb-ram-64gb-storage,https://mobilemandu.com/categories/mobile-phones?page=8,https://admin.mobilemandu.com/storage/6846/OIP.webp,False,2026-07-15T15:18:52.951992+00:00
Mobilemandu,Mobiles,Realme,Realme 14 (12+256GB),,12GB,256GB,49999.0,रु. 49999.00,exact,NPR,https://mobilemandu.com/products/realme-14-12gb-ram-256gb-storage,https://mobilemandu.com/categories/mobile-phones?page=8,https://admin.mobilemandu.com/storage/6842/Realme-14-5G-Design-and-Display.webp,False,2026-07-15T15:18:52.952351+00:00
Mobilemandu,Mobiles,Oppo,OPPO Reno 12G (12+512 GB) || Mobile Phones,,12GB,512GB,65999.0,रु. 65999.00,exact,NPR,https://mobilemandu.com/products/oppo-reno-12g-12gb-ram-512gb-storage,https://mobilemandu.com/categories/mobile-phones?page=8,https://admin.mobilemandu.com/storage/6424/61mK0547knL._AC_UF894%2C1000_QL80_-Photoroom.webp,False,2026-07-15T15:18:52.953120+00:00
Mobilemandu,Mobiles,Oppo,OPPO Reno 12F (8 +256 GB) || Mobile Phones,,8GB,256GB,35999.0,रु. 35999.00,exact,NPR,https://mobilemandu.com/products/oppo-reno-12f-8gb-ram-256-gb-storage,https://mobilemandu.com/categories/mobile-phones?page=8,https://admin.mobilemandu.com/storage/6418/61H8HOlPGBL-%281%29-Photoroom.webp,False,2026-07-15T15:18:52.953300+00:00
Mobilemandu,Mobiles,G85,G85 Moto XT2427-3 (8+128 GB) || Mobile Phones,,8GB,128GB,34499.0,रु. 34499.00,exact,NPR,https://mobilemandu.com/products/g85-moto-xt2427-3-8gb-ram-128gb-storage,https://mobilemandu.com/categories/mobile-phones?page=8,https://admin.mobilemandu.com/storage/6416/s-l1200-%2811%29-Photoroom.webp,True,2026-07-15T15:18:52.953490+00:00
Mobilemandu,Mobiles,G45,G45 Moto (8+128 GB) || Mobile Phones,,8GB,128GB,24999.0,रु. 24999.00,exact,NPR,https://mobilemandu.com/products/g45-moto-8gb-ram-128gb-storage,https://mobilemandu.com/categories/mobile-phones?page=8,https://admin.mobilemandu.com/storage/10470/s-l1200-%286%29-Photoroom.webp,False,2026-07-15T15:18:52.954051+00:00
Mobilemandu,Mobiles,Vivo,Vivo V50 5G (12+256 GB) || Mobile Phones,,12GB,256GB,67999.0,रु. 67999.00,exact,NPR,https://mobilemandu.com/products/vivo-v50-5g-12gb-ram-256-gb-storage,https://mobilemandu.com/categories/mobile-phones?page=8,https://admin.mobilemandu.com/storage/6400/s-l1200-%284%29-Photoroom.webp,False,2026-07-15T15:18:52.954271+00:00
Mobilemandu,Mobiles,Vivo,Vivo V40 5G (12+256 GB) || Mobile Phones,,12GB,256GB,65999.0,रु. 65999.00,exact,NPR,https://mobilemandu.com/products/vivo-v40-5g-12gb-ram-256-gb-storage,https://mobilemandu.com/categories/mobile-phones?page=8,https://admin.mobilemandu.com/storage/6397/s-l1200-%283%29-Photoroom.webp,False,2026-07-15T15:18:52.954452+00:00
Mobilemandu,Mobiles,Vivo,Vivo V40 Lite (8+256 GB) || Mobile Phones,,8GB,256GB,34999.0,रु. 34999.00,exact,NPR,https://mobilemandu.com/products/vivo-v40-lite-8gb-ram-256-gb-storage,https://mobilemandu.com/categories/mobile-phones?page=8,https://admin.mobilemandu.com/storage/6394/s-l400-Photoroom.webp,False,2026-07-15T15:18:52.954641+00:00
Mobilemandu,Mobiles,Vivo,Vivo V30 Lite (8+256 GB) || Mobile Phones,,8GB,256GB,32999.0,रु. 32999.00,exact,NPR,https://mobilemandu.com/products/vivo-v30-lite-8gb-ram-256-gb-storage,https://mobilemandu.com/categories/mobile-phones?page=8,https://admin.mobilemandu.com/storage/6393/51BbzCmBHwL-Photoroom.webp,False,2026-07-15T15:18:52.954850+00:00
Mobilemandu,Mobiles,Vivo,Vivo X200 Pro (16+512 GB) || Mobile Phones,,16GB,512GB,184999.0,रु. 184999.00,exact,NPR,https://mobilemandu.com/products/vivo-x200-pro-16gb-ram-512gb-storage,https://mobilemandu.com/categories/mobile-phones?page=9,https://admin.mobilemandu.com/storage/6383/0.87436200_1728975844_vivo-x200-pro-mini-5g-v2419a-dual-sim-256gb-pink-12gb-ram-china-version-Photoroom.webp,False,2026-07-15T15:19:01.373464+00:00
Mobilemandu,Mobiles,Vivo,Vivo Y29 (8+128 GB) || Mobile Phones,,8GB,128GB,24999.0,रु. 24999.00,exact,NPR,https://mobilemandu.com/products/vivo-y29-8gb-ram-128-gb-storage,https://mobilemandu.com/categories/mobile-phones?page=9,https://admin.mobilemandu.com/storage/6384/%24_57-Photoroom.webp,False,2026-07-15T15:19:01.373714+00:00
Mobilemandu,Mobiles,Vivo,Vivo Y28 (8+128 GB) || Mobile Phones,,8GB,128GB,23999.0,रु. 23999.00,exact,NPR,https://mobilemandu.com/products/vivo-y28-8-gb-ram-128-gb-storage,https://mobilemandu.com/categories/mobile-phones?page=9,https://admin.mobilemandu.com/storage/6386/s-l1200-Photoroom.webp,False,2026-07-15T15:19:01.373921+00:00
Mobilemandu,Mobiles,Vivo,Vivo Y19S (4+128 GB) || Mobile Phones,,4GB,128GB,16999.0,रु. 16999.00,exact,NPR,https://mobilemandu.com/products/vivo-y19s-4-gb-ram-128-gb-storage,https://mobilemandu.com/categories/mobile-phones?page=9,https://admin.mobilemandu.com/storage/6389/821def4234f8b44fe732a63fda3ac11d-Photoroom.webp,False,2026-07-15T15:19:01.374159+00:00
Mobilemandu,Mobiles,Motorola,Motorola Edge 50 Fusion (12+256 GB) || Mobile Phones,,12GB,256GB,46999.0,रु. 46999.00,exact,NPR,https://mobilemandu.com/products/motorola-edge-50-fusion-12gb-ram-256gb-storage,https://mobilemandu.com/categories/mobile-phones?page=9,https://admin.mobilemandu.com/storage/6378/s-l1200-%288%29-Photoroom.webp,True,2026-07-15T15:19:01.374416+00:00
Mobilemandu,Mobiles,Vivo,Vivo Y04 (4+64 GB) || Mobile Phones,,4GB,64GB,13999.0,रु. 13999.00,exact,NPR,https://mobilemandu.com/products/vivo-y04-4gb-ram-64-gb-storage,https://mobilemandu.com/categories/mobile-phones?page=9,https://admin.mobilemandu.com/storage/6377/61cddfe3cb5d311ea8f1bea39d4d127d-Photoroom.webp,False,2026-07-15T15:19:01.374612+00:00
Mobilemandu,Mobiles,Vivo,Vivo Y03 (4+64 GB) || Mobile Phones,,4GB,64GB,13499.0,रु. 13499.00,exact,NPR,https://mobilemandu.com/products/vivo-y03-4gb-ram-64-gb-storage,https://mobilemandu.com/categories/mobile-phones?page=9,https://admin.mobilemandu.com/storage/6372/817To3fnyPL-Photoroom.webp,False,2026-07-15T15:19:01.374830+00:00
Mobilemandu,Mobiles,Nothing,Nothing Phone 3a Pro (12+256 GB) || Mobile Phones,,12GB,256GB,69999.0,रु. 69999.00,exact,NPR,https://mobilemandu.com/products/nothing-phone-3a-pro-8gb-ram-256gb-storage,https://mobilemandu.com/categories/mobile-phones?page=9,https://admin.mobilemandu.com/storage/6371/image-Photoroom.webp,True,2026-07-15T15:19:01.375045+00:00
Mobilemandu,Mobiles,Oppo,OPPO A3 (6+ 128 GB) || Mobile Phones,,6GB,128GB,22999.0,रु. 22999.00,exact,NPR,https://mobilemandu.com/products/oppo-a3-6gb-ram-128-gb-storage,https://mobilemandu.com/categories/mobile-phones?page=9,https://admin.mobilemandu.com/storage/6361/s-l1200-%285%29-Photoroom.webp,False,2026-07-15T15:19:01.375497+00:00
Mobilemandu,Mobiles,Samsung,Samsung M04 (4+128 GB) || Mobile Phones,,4GB,128GB,15499.0,रु. 15499.00,exact,NPR,https://mobilemandu.com/products/samsung-m04-4gb-ram-128-gb-storage,https://mobilemandu.com/categories/mobile-phones?page=9,https://admin.mobilemandu.com/storage/6354/in-feature-galaxy-m04-4gb-64gb-534655062-Photoroom.webp,False,2026-07-15T15:19:01.375687+00:00
Mobilemandu,Mobiles,Samsung,Samsung A54 (8+256 GB) || Mobile Phones,,8GB,256GB,59999.0,रु. 59999.00,exact,NPR,https://mobilemandu.com/products/samsung-a54-8gb-ram-256-gb-storage,https://mobilemandu.com/categories/mobile-phones?page=9,https://admin.mobilemandu.com/storage/6339/s-l1200-%281%29.webp,True,2026-07-15T15:19:01.375886+00:00
Mobilemandu,Mobiles,Xiaomi,Redmi A5 (3 + 64 GB) || Mobile Phones,,3GB,64GB,14999.0,रु. 14999.00,exact,NPR,https://mobilemandu.com/products/redmi-a5-3gb-ram-64-gb-storage,https://mobilemandu.com/categories/mobile-phones?page=9,https://admin.mobilemandu.com/storage/6335/15eaf2e6effbd8f52fb4cd7739ed8a0b.webp,False,2026-07-15T15:19:01.376078+00:00
Mobilemandu,Mobiles,Samsung,Samsung A04 (4+64 GB) (TA2510-25W Charger Free) || Mobile Phones,,4GB,64GB,14999.0,रु. 14999.00,exact,NPR,https://mobilemandu.com/products/samsung-a04-4-64-gb,https://mobilemandu.com/categories/mobile-phones?page=9,https://admin.mobilemandu.com/storage/6327/0.73658900_1672805517_samsung-galaxy-a04-sm-a045fd-dual-sim-64gb-green-4gb-ram.webp,False,2026-07-15T15:19:01.376314+00:00
Mobilemandu,Mobiles,Samsung,Samsung S25 Ultra (12+256GB) (TA2510-25W Charger Free) || Mobile Phones,,12GB,256GB,184999.0,रु. 184999.00,exact,NPR,https://mobilemandu.com/products/samsung-s25-ultra-12gb-ram-256gb-storage-ta2510,https://mobilemandu.com/categories/mobile-phones?page=9,https://admin.mobilemandu.com/storage/6030/PA3-01-TitaniumBlack-1600x1200.webp,True,2026-07-15T15:19:01.377386+00:00
Mobilemandu,Mobiles,Samsung,Samsung A16 5G (6 + 128 GB),,6GB,128GB,30999.0,रु. 30999.00,exact,NPR,https://mobilemandu.com/products/a16-5g-6gb-ram-128-gb-storage,https://mobilemandu.com/categories/mobile-phones?page=10,https://admin.mobilemandu.com/storage/5967/Samsung-Galaxy-A16-5G-Blue-Black-frontimage.webp,False,2026-07-15T15:19:10.520368+00:00
Mobilemandu,Mobiles,Realme,realme C75 (8+128GB),,8GB,128GB,24999.0,रु. 24999.00,exact,NPR,https://mobilemandu.com/products/realme-c75-8gb-ram-128gb-storage,https://mobilemandu.com/categories/mobile-phones?page=10,https://admin.mobilemandu.com/storage/5925/1731918281442ce671656a60c42f9ad53cdc9f0f08abb.webp,False,2026-07-15T15:19:10.521368+00:00
Mobilemandu,Mobiles,Realme,realme Note 60 (6 + 128GB),,6GB,128GB,16499.0,रु. 16499.00,exact,NPR,https://mobilemandu.com/products/realme-note-60-6-128-gb,https://mobilemandu.com/categories/mobile-phones?page=10,https://admin.mobilemandu.com/storage/5922/images.webp,False,2026-07-15T15:19:10.521567+00:00
Mobilemandu,Mobiles,Realme,Realme C63 (8+128GB),,8GB,128GB,20999.0,रु. 20999.00,exact,NPR,https://mobilemandu.com/products/realme-c63-8gb-ram-128gb-storage,https://mobilemandu.com/categories/mobile-phones?page=10,https://admin.mobilemandu.com/storage/5849/5f2e275e-0ba8-4c39-912d-ec4297110917.webp,False,2026-07-15T15:19:10.522653+00:00
Mobilemandu,Mobiles,Xiaomi,Xiaomi 15ultra (16/512 GB) || Mobile Phones,,16GB,512GB,149999.0,रु. 149999.00,exact,NPR,https://mobilemandu.com/products/xiaomi-15ultra-16gb-ram-512gb-storage,https://mobilemandu.com/categories/mobile-phones?page=10,https://admin.mobilemandu.com/storage/5785/xiaomi-15-ultra-black.webp,True,2026-07-15T15:19:10.523408+00:00
Mobilemandu,Mobiles,Xiaomi,Redmi Note 12 5G (6/128GB),,6GB,128GB,28999.0,रु. 28999.00,exact,NPR,https://mobilemandu.com/products/redmi-note-12-5g-6128gb,https://mobilemandu.com/categories/mobile-phones?page=11,https://admin.mobilemandu.com/storage/3604/screenshot_2024-05-31_at_11.48.17.webp,False,2026-07-15T15:19:17.438839+00:00
Mobilemandu,Mobiles,Oppo,OPPO A3x (4/64GB),,4GB,64GB,14499.0,रु. 14499.00,exact,NPR,https://mobilemandu.com/products/oppo-a3x-4gb-ram-64gb-storage,https://mobilemandu.com/categories/mobile-phones?page=11,https://admin.mobilemandu.com/storage/3464/Oppo-A3x-Ocean-Blue-removebg-preview%281%29.webp,False,2026-07-15T15:19:17.440218+00:00
Mobilemandu,Mobiles,Realme,Realme GT 6T-6.78inch (12+512GB),,12GB,512GB,65999.0,रु. 65999.00,exact,NPR,https://mobilemandu.com/products/realme-gT-6T-12gb-ram-512gb-storage,https://mobilemandu.com/categories/mobile-phones?page=11,https://admin.mobilemandu.com/storage/2689/0172458005731.webp,False,2026-07-15T15:19:17.441380+00:00
Mobilemandu,Mobiles,S23,S23 FE(S711BE 8/256GB),,8GB,256GB,85999.0,रु. 85999.00,exact,NPR,https://mobilemandu.com/products/s23-fes711be-8256gb,https://mobilemandu.com/categories/mobile-phones?page=12,https://admin.mobilemandu.com/storage/1774/0171756362757.webp,False,2026-07-15T15:19:25.452481+00:00
Mobilemandu,Mobiles,Infinix,Infinix 30i (8GB+128GB),,8GB,128GB,16999.0,रु. 16999.00,exact,NPR,https://mobilemandu.com/products/infinix-30i-8gb128gb,https://mobilemandu.com/categories/mobile-phones?page=12,https://admin.mobilemandu.com/storage/1376/169761876496.webp,False,2026-07-15T15:19:25.453533+00:00
